0000000000000000
0010010011101010
0011101110110001
0011110010100011
0010101000000000
0000111011100011
1111101000100100
1111011101111001
0000101000010101
0010101100100001
0100110011100001
0110000011110101
0101111011110100
0100100001000010
0010011101101110
0000101101010110
0000000001011000
0000101010101000
0010010001100011
0100000001001011
0100111111100001
0100101000010010
0010111101101000
0000100111011011
1110100000111110
1101011110000010
1101110011001110
1111001100101100
0000110111011011
0001111000110100
0001101001101110
0000001000100111
1101111010010110
1011111001011101
1010111011010111
1011010111111101
1100111110101110
1110111110010111
0000011011100001
0000101011111101
1111101010000000
1101110111001001
1100001100100010
1011100000110101
1100001110110111
1110001001011000
0000100000111010
0010011001011101
0011000101111000
0010011100100000
0000111011010101
1111011010001010
1110110000110001
1111011101001100
0001010101101110
0011101101001110
0101100111101110
0110010101101111
0101101001111110
0011111111010110
0010001100011011
0001001010011100
0001011010110100
0010110111111010
0100110111011111
0110011110001100
0110111010101101
0101111100100010
0011111011100100
0001101101001101
0000001100000000
1111111100110100
0000111110000111
0010101000101111
0100000010000110
0100010111001011
0011010100000111
0001001101100010
1110110111001101
1101001100011011
1100110101000011
1101110011001111
1111100010101111
0001001001100000
0001110010100110
0001000110011110
1111010101111011
1101010010011100
1011110111011111
1011101111010011
1100111111011011
1111000110001110
0001001010001111
0010010100011110
0010001001100110
0000110110011001
1111001001101111
1101111110111110
1110000010100011
1111011101011011
0001110000110111
0100000100010010
0101011111001001
0101100010101100
0100010111111010
0010101011001101
0001010111111101
0001001101000010
0010010111001100
0100011011001000
0110100001110110
0111110001111000
0111101001100101
0110001110100001
0100001010111011
0010011010010000
0001101101111111
0010010110111011
0011111101100010
0101101100110111
0110101010111001
0110010011010101
0100101000010111
0010010001110100
0000001011000010
1111000111110001
1111011100100111
0000110101101111
0010100000000111
0011100001001010
0011010001101101
0001110000001111
1111100001100110
1101100000010110
1100100001111000
1100111110000110
1110100100011110
0000100011101111
0010000000100000
0010010000100010
0001001110001100
1111011010111011
1101101111111011
1101000011110011
1101110001011011
1111101011100010
0010000010101000
0011111010110000
0100100110110000
0011111100111100
0010011011010101
0000111001101110
0000001111111001
0000111011110111
0010110011111100
0101001010111111
0111000101000001
0111110010100100
0111000110010110
0101011011010000
0011100111110111
0010100101011001
0010110101010010
0100010001111001
0110010001000000
0111110111001101
0111111111111111
0111010100100011
0101010011000101
0011000100001110
0001100010100000
0001010010110100
0010010011100101
0011111101101100
0101010110100010
0101101011000101
0100100111011111
0010100000011001
0000001001100001
1110011110001101
1110000110010001
1111000011111011
0000110010110111
0010011001000110
0011000001101000
0010010100111100
0000100011110101
1110011111110010
1101000100010001
1100111011100000
1110001011000100
0000010001010010
0010010100101110
0011011110010111
0011010010111011
0001111111001000
0000010001111000
1111000110100001
1111001001100000
0000100011110010
0010110110100111
0101001001011011
0110100011101100
0110100110101000
0101011011001110
0011101101111010
0010011010000010
0010001110011111
0011011000000010
0101011011010101
0111100001011011
0111111111111111
0111111111111111
0111001100001101
0101000111111101
0011010110101001
0010101001101111
0011010010000010
0100111000000000
0110100110101100
0111100100000100
0111001011110101
0101100000001110
0011001001000001
0001000001100100
1111111101101001
0000010001110100
0001101010010001
0011010011111111
0100010100010110
0100000100001111
0010100010000101
0000010010110001
1110010000110101
1101010001101100
1101101101001110
1111010010111010
0001010001011111
0010101101100100
0010111100111010
0001111001111000
0000000101111010
1110011010001110
1101101101011001
1110011010010100
0000010011101110
0010101010001000
0100100001100010
0101001100110101
0100100010010100
0011000000000000
0001011101101011
0000110011001001
0001011110011001
0011010101110000
0101101100000110
0111100101011010
0111111111111111
0111100101010011
0101111001011110
0100000101011000
0011000010001011
0011010001010110
0100101101001111
0110101011100111
0111111111111111
0111111111111111
0111101100111111
0101101010110010
0011011011001100
0001111000101111
0001101000010100
0010101000010111
0100010001101110
0101101001110101
0101111101101001
0100111001010100
0010110001011110
0000011001110111
1110101101110100
1110010101001001
1111010010000100
0001000000010000
0010100101101111
0011001101100010
0010100000000111
0000101110010001
1110101001011110
1101001101001101
1101000011101101
1110010010100001
0000011000000000
0010011010101011
0011100011100101
0011010111011001
0010000010110111
0000010100110111
1111001000110001
1111001010111111
0000100100100001
0010110110100111
0101001000101011
0110100010001100
0110100100011001
0101011000001111
0011101010001011
0010010101100100
0010001001010001
0011010010000100
0101010100101000
0111011001111110
0111111111111111
0111111111111111
0111000010100010
0100111101100010
0011001011011111
0010011101110101
0011000101011001
0100101010100111
0110011000100011
0111010101001100
0110111100001110
0101001111110111
0010110111111011
0000101111110000
1111101011000101
1111111110100001
0001010110001111
0010111111001110
0011111110110110
0011101110000000
0010001011000111
1111111011000101
1101111000011010
1100111000100010
1101010011010101
1110111000010011
0000110110001010
0010010001100000
0010100000001000
0001011100010111
1111100111101011
1101111011010001
1101001101101110
1101111001111100
1111110010100111
0010001000010011
0011111111000000
0100101001100110
0011111110010111
0010011011010101
0000111000010011
0000001101000011
0000110111100111
0010101110010001
0101000011111001
0110111100100001
0111101000101001
0110111011000001
0101001110011111
0011011001101100
0010010101110011
0010100100010010
0011111111011111
0101111101001010
0111100001111101
0111111100100100
0110111100011111
0100111001100111
0010101001010110
0001000110001110
0000110101000111
0001110100011111
0011011101001100
0100110100101000
0101000111110001
0100000010110010
0001111010010010
1111100010000000
1101110101010011
1101011011111110
1110011000001111
0000000101110011
0001101010101000
0010010001110001
0001100011101101
1111110001001110
1101101011110010
1100001110111001
1100000100110000
1101010010111011
1111010111110010
0001011001110110
0010100010001000
0010010101010100
0001000000001010
1111010001100011
1110000100110101
1110000110011101
1111011111011000
0001110000110111
0100000010010101
0101011011001111
0101011100110110
0100010000000110
0010100001011100
0001001100010000
0000111111011000
0010000111100101
0100001001100100
0110001110010110
0111011100011011
0111010010001100
0101110101001011
0011101111101000
0001111101000000
0001001110110011
0001110101110011
0011011010011111
0101000111110111
0110000011111101
0101101010011101
0011111101100011
0001100101000101
1111011100010111
1110010111001011
1110101010000110
0000000001010010
0001101001110000
0010101000110111
0010010111100000
0000110100000111
1110100011100100
1100100000011001
1011100000000001
1011111010010100
1101011110110011
1111011100001010
0000110111000001
0001000101001011
0000000000111100
1110001011110010
1100011110111001
1011110000111000
1100011100101000
1110010100110111
0000101010000101
0010100000010101
0011001010011110
0010011110110011
0000111011010101
1111010111110111
1110101100001100
1111010110010100
0001001100100011
0011100001110000
0101011001111101
0110000101101011
0101010111101000
0011101010101101
0001110101100000
0000110001001101
0000111111010011
0010011010000111
0100010111011010
0101111011110100
0110010110000011
0101010101100110
0011010010010110
0001000001101110
1111011110001111
1111001100110001
0000001011110010
0001110100001001
0011001011001111
0011011110000010
0010011000101110
0000001111111000
1101110111010010
1100001010010000
1011110000100111
1100101100100100
1110011001110011
1111111110010101
0000100101001010
1111110110110011
1110000100000001
1011111110010011
1010100001000111
1010010110101100
1011100100100110
1101101001001100
1111101010111110
0000110010111111
0000100101111011
1111010000100000
1101100001101001
1100010100101100
1100010110000100
1101101110110000
0000000000000000
0010010001010000
0011101001111100
0011101011010100
0010011110010111
0000101111100000
1111011010000101
1111001101000001
0000010101000010
0010010110110100
0100011011011010
0101101001010100
0101011110111001
0100000001101101
0001111011111111
0000001001001101
1111011010110110
0000000001101011
0001100110001101
0011010011011100
0100001111011001
0011110101110000
0010001000101110
1111110000001000
1101100111010010
1100100001111110
1100110100110001
1110001011110111
1111110100001110
0000110011001111
0000100001110001
1110111110010010
1100101101101010
1010101010011010
1001101001111101
1010000100001100
1011101000100110
1101100101111001
1111000000101101
1111001110110011
1110001010100000
1100010101010011
1010101000011000
1001111010010101
1010100110000011
1100011110010000
1110110011011101
0000101001101100
0001010011110100
0000101000001001
1111000100101011
1101100001001101
1100110101100010
1101011111101011
1111010101111011
0001101011001001
0011100011011000
0100001111001000
0011100001000111
0001110100001110
1111111111000100
1110111010110101
1111001000111111
0000100011110110
0010100001001101
0100000101101100
0100011111111111
0011011111100111
0001011100011100
1111001011111001
1101101000100000
1101010111001001
1110010110010000
1111111110101110
0001010101111010
0001101000110101
0000100011101001
1110011010111011
1100000010011101
1010010101100011
1001111100000011
1010111000001001
1100100101100001
1110001010001101
1110110001001101
1110000011000000
1100010000011000
1010001010110101
1000101101110100
1000100011100101
1001110001101010
1011110110011100
1101111000011011
1111000000101000
1110110011110000
1101011110100100
1011101111111010
1010100011001010
1010100100110001
1011111101101011
1110001111001001
0000100000101000
0001111001100011
0001111011001011
0000101110011101
1110111111110110
1101101010101100
1101011101111000
1110100110001010
0000101000001110
0010101101000101
0011111011010000
0011110001000111
0010010100001110
0000001110110010
1110011100010011
1101101110001111
1110010101011000
1111111010001101
0001100111110001
0010100100000010
0010001010101101
0000011110000000
1110000101101110
1011111101001110
1010111000001111
1011001011011000
1100100010110100
1110001011100001
1111001010111001
1110111001110010
1101010110101010
1011000110011001
1001000011100001
1000000011011100
1000011110000011
1010000010110110
1100000000100001
1101011011101110
1101101010001101
1100100110010100
1010110001100001
1001000100111111
1000010111010111
1001000011011111
1010111100000111
1101010001101111
1111001000011001
1111110010111101
1111000111101101
1101100100101011
1100000001101001
1011010110011010
1100000001000000
1101110111101101
0000001101011001
0010000110000100
0010110010010010
0010000100101111
0000011000010101
1110100011101001
1101011111111000
1101101110100000
1111001001110110
0001000111101101
0010101100101011
0011000111011110
0010000111100110
0000000100111011
1101110100111001
1100010010000000
1100000001001010
1101000000110010
1110101001110001
0000000001011111
0000010100111011
1111010000010000
1101001000000101
1010110000001001
1001000011110010
1000101010110100
1001100111011101
1011010101011001
1100111010100111
1101100010001011
1100110100100001
1011000010011110
1000111101011110
1000000000000000
1000000000000000
1000100110000010
1010101011011000
1100101101111100
1101110110101111
1101101010011100
1100010101110101
1010100111110001
1001011011100111
1001011101110100
1010110111010101
1101001001011001
1111011011011111
0000110101000001
0000110111001111
1111101011001001
1101111101001001
1100101000100111
1100011100011011
1101100101010101
1111101000000000
0001101101011111
0010111100010011
0010110010110011
0001010110100010
1111010001101111
1101011111111001
1100110010011110
1101011010010001
1110111111110000
0000101101111100
0001101010110111
0001010010001100
1111100110001001
1101001110100010
1011000110101100
1010000010010111
1010010110001011
1011101110010010
1101010111101001
1110010111101100
1110000111010001
1100100100110100
1010010101001110
1000010011000001
1000000000000000
1000000000000000
1001010100011001
1011010010110001
1100101110101010
1100111101110101
1011111010101000
1010000110100010
1000011010101101
1000000000000000
1000011010100110
1010010011111010
1100101010010000
1110100001100111
1111001100110111
1110100010010101
1101000000000000
1011011101101100
1010110011001011
1011011110011110
1101010101111000
1111101100010010
0001100101101100
0010010010100111
0001100101110010
1111111010000110
1110000110001000
1101000011000110
1101010010011100
1110101110100001
0000101101000110
0010010010110010
0010101110010100
0001101111001011
1111101101001111
1101011101111011
1011111011110001
1011101011101010
1100101100000001
1110010101101111
1111101110001100
0000000010010111
1110111110011100
1100110110111111
1010011111110010
1000110100001011
1000011011111100
1001011001010100
1011001000000000
1100101101111110
1101010110010001
1100101001010111
1010111000000011
1000110011110011
1000000000000000
1000000000000000
1000011110100101
1010100100101011
1100100111111110
1101110001100001
1101100101111110
1100010010000110
1010100100110010
1001011001011000
1001011100010100
1010110110100101
1101001001011001
1111011100001110
0000110110100000
0000111001011111
1111101110001000
1110000000111000
1100101101000101
1100100001101001
1101101011010010
1111101110101110
0001110100111100
0011000100100000
0010111011101111
0001100000001110
1111011100001011
1101101011000100
1100111110011000
1101100110111010
1111001101001001
0000111100000101
0001111001101111
0001100001110011
1111110110011111
1101011111100111
1011011000100001
1010010100111011
1010101001011110
1100000010010100
1101101100011011
1110101101001100
1110011101100000
1100111011110010
1010101100111011
1000101011011101
1000000000000000
1000001000110011
1001101111000000
1011101110000111
1101001010101110
1101011010100111
1100011000001001
1010100100110000
1000111001101010
1000001101011100
1000111010111111
1010110101000001
1101001100000100
1111000100001001
1111110000000111
1111000110010010
1101100100101011
1100000011000100
1011011001010000
1100000101010000
1101111101011000
0000010100011110
0010001110100101
0010111100001101
0010010000000101
0000100101000101
1110110001110100
1101101111011110
1101111111100000
1111011100010001
0001011011100010
0011000001111010
0011011110001000
0010011111101010
0000011110011010
1110001111110001
1100101110010011
1100011110110110
1101011111111001
1111001010010001
0000100011011001
0000111000001111
1111110100111110
1101101110001100
1011010111101001
1001101100101011
1001010101000111
1010010011001001
1100000010011110
1101101001000101
1110010010000001
1101100101110000
1011110101000101
1001110001011111
1000010110011011
1000001110001000
1001011110001010
1011100100111000
1101101000110100
1110110010111110
1110101000000011
1101010100110011
1011101000000110
1010011101010100
1010100000110111
1011111011101110
1110001111001001
0000100010100101
0001111101011101
0010000001000010
0000110110010001
1111001001100111
1101110110011010
1101101011100010
1110110101110001
0000111001110010
0011000000100101
0100010000101101
0100001000100001
0010101101100100
0000101010000101
1110111001100010
1110001101011010
1110110110100000
0000011101010001
0010001100110001
0011001010111101
0010110011100101
0001001000110011
1110110010011110
1100101011111001
1011101000110101
1011111101111010
1101010111010001
1111000001111001
0000000011001100
1111110100000000
1110010010110011
1100000100011100
1010000011011110
1001000101010011
1001100001110100
1011001000100001
1101001000000110
1110100101001100
1110110101100100
1101110011100101
1100000000101010
1010010110000010
1001101010010001
1010011000010010
1100010010110010
1110101010010010
0000100010110100
0001001111001111
0000100101110110
1111000100101011
1101100011100000
1100111010001000
1101100110100011
1111011111000110
0001110110101000
0011110001001001
0100011111001011
0011110011011110
0010001000110111
0000010110000000
1111010100000011
1111100100011111
0001000001101001
0011000001010010
0100101000000011
0101000100101001
0100000110100011
0010000101101010
1111110111011001
1110010110010010
1110000111001100
1111001000100101
0000110011010100
0010001100110010
0010100001111110
0001011111000010
1111011000100101
1101000010011000
1011010111101110
1011000000011111
1011111110110101
1101101110011101
1111010101011000
1111111110101000
1111010010101010
1101100010010010
1011011110111110
1010000100001100
1001111100001011
1011001100011111
1101010011011111
1111010111101011
0000100010000111
0000010111011100
1111000100011101
1101011000000000
1100001101011101
1100010001001111
1101101100010110
0000000000000000
0010010011101010
0011101110110001
0011110010100011
0010101000000000
0000111011100011
1111101000100100
1111011101111001
0000101000010101
0010101100100001
0100110011100001
0110000011110101
0101111011110100
0100100001000010
0010011101101110
0000101101010110
0000000001011000
0000101010101000
0010010001100011
0100000001001011
0100111111100001
0100101000010010
0010111101101000
0000100111011011
1110100000111110
1101011110000010
1101110011001110
1111001100101100
0000110111011011
0001111000110100
0001101001101110
0000001000100111
1101111010010110
1011111001011101
1010111011010111
1011010111111101
1100111110101110
1110111110010111
0000011011100001
0000101011111101
1111101010000000
1101110111001001
1100001100100010
1011100000110101
1100001110110111
1110001001011000
0000100000111010
0010011001011101
0011000101111000
0010011100100000
0000111011010101
1111011010001010
1110110000110001
1111011101001100
0001010101101110
0011101101001110
0101100111101110
0110010101101111
0101101001111110
0011111111010110
0010001100011011
0001001010011100
0001011010110100
0010110111111010
0100110111011111
0110011110001100
0110111010101101
0101111100100010
0011111011100100
0001101101001101
0000001100000000
1111111100110100
0000111110000111
0010101000101111
0100000010000110
0100010111001011
0011010100000111
0001001101100010
1110110111001101
1101001100011011
1100110101000011
1101110011001111
1111100010101111
0001001001100000
0001110010100110
0001000110011110
1111010101111011
1101010010011100
1011110111011111
1011101111010011
1100111111011011
1111000110001110
0001001010001111
0010010100011110
0010001001100110
0000110110011001
1111001001101111
1101111110111110
1110000010100011
1111011101011011
0001110000110111
0100000100010010
0101011111001001
0101100010101100
0100010111111010
0010101011001101
0001010111111101
0001001101000010
0010010111001100
0100011011001000
0110100001110110
0111110001111000
0111101001100101
0110001110100001
0100001010111011
0010011010010000
0001101101111111
0010010110111011
0011111101100010
0101101100110111
0110101010111001
0110010011010101
0100101000010111
0010010001110100
0000001011000010
1111000111110001
1111011100100111
0000110101101111
0010100000000111
0011100001001010
0011010001101101
0001110000001111
1111100001100110
1101100000010110
1100100001111000
1100111110000110
1110100100011110
0000100011101111
0010000000100000
0010010000100010
0001001110001100
1111011010111011
1101101111111011
1101000011110011
1101110001011011
1111101011100010
0010000010101000
0011111010110000
0100100110110000
0011111100111100
0010011011010101
0000111001101110
0000001111111001
0000111011110111
0010110011111100
0101001010111111
0111000101000001
0111110010100100
0111000110010110
0101011011010000
0011100111110111
0010100101011001
0010110101010010
0100010001111001
0110010001000000
0111110111001101
0111111111111111
0111010100100011
0101010011000101
0011000100001110
0001100010100000
0001010010110100
0010010011100101
0011111101101100
0101010110100010
0101101011000101
0100100111011111
0010100000011001
0000001001100001
1110011110001101
1110000110010001
1111000011111011
0000110010110111
0010011001000110
0011000001101000
0010010100111100
0000100011110101
1110011111110010
1101000100010001
1100111011100000
1110001011000100
0000010001010010
0010010100101110
0011011110010111
0011010010111011
0001111111001000
0000010001111000
1111000110100001
1111001001100000
0000100011110010
0010110110100111
0101001001011011
0110100011101100
0110100110101000
0101011011001110
0011101101111010
0010011010000010
0010001110011111
0011011000000010
0101011011010101
0111100001011011
0111111111111111
0111111111111111
0111001100001101
0101000111111101
0011010110101001
0010101001101111
0011010010000010
0100111000000000
0110100110101100
0111100100000100
0111001011110101
0101100000001110
0011001001000001
0001000001100100
1111111101101001
0000010001110100
0001101010010001
0011010011111111
0100010100010110
0100000100001111
0010100010000101
0000010010110001
1110010000110101
1101010001101100
1101101101001110
1111010010111010
0001010001011111
0010101101100100
0010111100111010
0001111001111000
0000000101111010
1110011010001110
1101101101011001
1110011010010100
0000010011101110
0010101010001000
0100100001100010
0101001100110101
0100100010010100
0011000000000000
0001011101101011
0000110011001001
0001011110011001
0011010101110000
0101101100000110
0111100101011010
0111111111111111
0111100101010011
0101111001011110
0100000101011000
0011000010001011
0011010001010110
0100101101001111
0110101011100111
0111111111111111
0111111111111111
0111101100111111
0101101010110010
0011011011001100
0001111000101111
0001101000010100
0010101000010111
0100010001101110
0101101001110101
0101111101101001
0100111001010100
0010110001011110
0000011001110111
1110101101110100
1110010101001001
1111010010000100
0001000000010000
0010100101101111
0011001101100010
0010100000000111
0000101110010001
1110101001011110
1101001101001101
1101000011101101
1110010010100001
0000011000000000
0010011010101011
0011100011100101
0011010111011001
0010000010110111
0000010100110111
1111001000110001
1111001010111111
0000100100100001
0010110110100111
0101001000101011
0110100010001100
0110100100011001
0101011000001111
0011101010001011
0010010101100100
0010001001010001
0011010010000100
0101010100101000
0111011001111110
0111111111111111
0111111111111111
0111000010100010
0100111101100010
0011001011011111
0010011101110101
0011000101011001
0100101010100111
0110011000100011
0111010101001100
0110111100001110
0101001111110111
0010110111111011
0000101111110000
1111101011000101
1111111110100001
0001010110001111
0010111111001110
0011111110110110
0011101110000000
0010001011000111
1111111011000101
1101111000011010
1100111000100010
1101010011010101
1110111000010011
0000110110001010
0010010001100000
0010100000001000
0001011100010111
1111100111101011
1101111011010001
1101001101101110
1101111001111100
1111110010100111
0010001000010011
0011111111000000
0100101001100110
0011111110010111
0010011011010101
0000111000010011
0000001101000011
0000110111100111
0010101110010001
0101000011111001
0110111100100001
0111101000101001
0110111011000001
0101001110011111
0011011001101100
0010010101110011
0010100100010010
0011111111011111
0101111101001010
0111100001111101
0111111100100100
0110111100011111
0100111001100111
0010101001010110
0001000110001110
0000110101000111
0001110100011111
0011011101001100
0100110100101000
0101000111110001
0100000010110010
0001111010010010
1111100010000000
1101110101010011
1101011011111110
1110011000001111
0000000101110011
0001101010101000
0010010001110001
0001100011101101
1111110001001110
1101101011110010
1100001110111001
1100000100110000
1101010010111011
1111010111110010
0001011001110110
0010100010001000
0010010101010100
0001000000001010
1111010001100011
1110000100110101
1110000110011101
1111011111011000
0001110000110111
0100000010010101
0101011011001111
0101011100110110
0100010000000110
0010100001011100
0001001100010000
0000111111011000
0010000111100101
0100001001100100
0110001110010110
0111011100011011
0111010010001100
0101110101001011
0011101111101000
0001111101000000
0001001110110011
0001110101110011
0011011010011111
0101000111110111
0110000011111101
0101101010011101
0011111101100011
0001100101000101
1111011100010111
1110010111001011
1110101010000110
0000000001010010
0001101001110000
0010101000110111
0010010111100000
0000110100000111
1110100011100100
1100100000011001
1011100000000001
1011111010010100
1101011110110011
1111011100001010
0000110111000001
0001000101001011
0000000000111100
1110001011110010
1100011110111001
1011110000111000
1100011100101000
1110010100110111
0000101010000101
0010100000010101
0011001010011110
0010011110110011
0000111011010101
1111010111110111
1110101100001100
1111010110010100
0001001100100011
0011100001110000
0101011001111101
0110000101101011
0101010111101000
0011101010101101
0001110101100000
0000110001001101
0000111111010011
0010011010000111
0100010111011010
0101111011110100
0110010110000011
0101010101100110
0011010010010110
0001000001101110
1111011110001111
1111001100110001
0000001011110010
0001110100001001
0011001011001111
0011011110000010
0010011000101110
0000001111111000
1101110111010010
1100001010010000
1011110000100111
1100101100100100
1110011001110011
1111111110010101
0000100101001010
1111110110110011
1110000100000001
1011111110010011
1010100001000111
1010010110101100
1011100100100110
1101101001001100
1111101010111110
0000110010111111
0000100101111011
1111010000100000
1101100001101001
1100010100101100
1100010110000100
1101101110110000
0000000000000000
0010010001010000
0011101001111100
0011101011010100
0010011110010111
0000101111100000
1111011010000101
1111001101000001
0000010101000010
0010010110110100
0100011011011010
0101101001010100
0101011110111001
0100000001101101
0001111011111111
0000001001001101
1111011010110110
0000000001101011
0001100110001101
0011010011011100
0100001111011001
0011110101110000
0010001000101110
1111110000001000
1101100111010010
1100100001111110
1100110100110001
1110001011110111
1111110100001110
0000110011001111
0000100001110001
1110111110010010
1100101101101010
1010101010011010
1001101001111101
1010000100001100
1011101000100110
1101100101111001
1111000000101101
1111001110110011
1110001010100000
1100010101010011
1010101000011000
1001111010010101
1010100110000011
1100011110010000
1110110011011101
0000101001101100
0001010011110100
0000101000001001
1111000100101011
1101100001001101
1100110101100010
1101011111101011
1111010101111011
0001101011001001
0011100011011000
0100001111001000
0011100001000111
0001110100001110
1111111111000100
1110111010110101
1111001000111111
0000100011110110
0010100001001101
0100000101101100
0100011111111111
0011011111100111
0001011100011100
1111001011111001
1101101000100000
1101010111001001
1110010110010000
1111111110101110
0001010101111010
0001101000110101
0000100011101001
1110011010111011
1100000010011101
1010010101100011
1001111100000011
1010111000001001
1100100101100001
1110001010001101
1110110001001101
1110000011000000
1100010000011000
1010001010110101
1000101101110100
1000100011100101
1001110001101010
1011110110011100
1101111000011011
1111000000101000
1110110011110000
1101011110100100
1011101111111010
1010100011001010
1010100100110001
1011111101101011
1110001111001001
0000100000101000
0001111001100011
0001111011001011
0000101110011101
1110111111110110
1101101010101100
1101011101111000
1110100110001010
0000101000001110
0010101101000101
0011111011010000
0011110001000111
0010010100001110
0000001110110010
1110011100010011
1101101110001111
1110010101011000
1111111010001101
0001100111110001
0010100100000010
0010001010101101
0000011110000000
1110000101101110
1011111101001110
1010111000001111
1011001011011000
1100100010110100
1110001011100001
1111001010111001
1110111001110010
1101010110101010
1011000110011001
1001000011100001
1000000011011100
1000011110000011
1010000010110110
1100000000100001
1101011011101110
1101101010001101
1100100110010100
1010110001100001
1001000100111111
1000010111010111
1001000011011111
1010111100000111
1101010001101111
1111001000011001
1111110010111101
1111000111101101
1101100100101011
1100000001101001
1011010110011010
1100000001000000
1101110111101101
0000001101011001
0010000110000100
0010110010010010
0010000100101111
0000011000010101
1110100011101001
1101011111111000
1101101110100000
1111001001110110
0001000111101101
0010101100101011
0011000111011110
0010000111100110
0000000100111011
1101110100111001
1100010010000000
1100000001001010
1101000000110010
1110101001110001
0000000001011111
0000010100111011
1111010000010000
1101001000000101
1010110000001001
1001000011110010
1000101010110100
1001100111011101
1011010101011001
1100111010100111
1101100010001011
1100110100100001
1011000010011110
1000111101011110
1000000000000000
1000000000000000
1000100110000010
1010101011011000
1100101101111100
1101110110101111
1101101010011100
1100010101110101
1010100111110001
1001011011100111
1001011101110100
1010110111010101
1101001001011001
1111011011011111
0000110101000001
0000110111001111
1111101011001001
1101111101001001
1100101000100111
1100011100011011
1101100101010101
1111101000000000
0001101101011111
0010111100010011
0010110010110011
0001010110100010
1111010001101111
1101011111111001
1100110010011110
1101011010010001
1110111111110000
0000101101111100
0001101010110111
0001010010001100
1111100110001001
1101001110100010
1011000110101100
1010000010010111
1010010110001011
1011101110010010
1101010111101001
1110010111101100
1110000111010001
1100100100110100
1010010101001110
1000010011000001
1000000000000000
1000000000000000
1001010100011001
1011010010110001
1100101110101010
1100111101110101
1011111010101000
1010000110100010
1000011010101101
1000000000000000
1000011010100110
1010010011111010
1100101010010000
1110100001100111
1111001100110111
1110100010010101
1101000000000000
1011011101101100
1010110011001011
1011011110011110
1101010101111000
1111101100010010
0001100101101100
0010010010100111
0001100101110010
1111111010000110
1110000110001000
1101000011000110
1101010010011100
1110101110100001
0000101101000110
0010010010110010
0010101110010100
0001101111001011
1111101101001111
1101011101111011
1011111011110001
1011101011101010
1100101100000001
1110010101101111
1111101110001100
0000000010010111
1110111110011100
1100110110111111
1010011111110010
1000110100001011
1000011011111100
1001011001010100
1011001000000000
1100101101111110
1101010110010001
1100101001010111
1010111000000011
1000110011110011
1000000000000000
1000000000000000
1000011110100101
1010100100101011
1100100111111110
1101110001100001
1101100101111110
1100010010000110
1010100100110010
1001011001011000
1001011100010100
1010110110100101
1101001001011001
1111011100001110
0000110110100000
0000111001011111
1111101110001000
1110000000111000
1100101101000101
1100100001101001
1101101011010010
1111101110101110
0001110100111100
0011000100100000
0010111011101111
0001100000001110
1111011100001011
1101101011000100
1100111110011000
1101100110111010
1111001101001001
0000111100000101
0001111001101111
0001100001110011
1111110110011111
1101011111100111
1011011000100001
1010010100111011
1010101001011110
1100000010010100
1101101100011011
1110101101001100
1110011101100000
1100111011110010
1010101100111011
1000101011011101
1000000000000000
1000001000110011
1001101111000000
1011101110000111
1101001010101110
1101011010100111
1100011000001001
1010100100110000
1000111001101010
1000001101011100
1000111010111111
1010110101000001
1101001100000100
1111000100001001
1111110000000111
1111000110010010
1101100100101011
1100000011000100
1011011001010000
1100000101010000
1101111101011000
0000010100011110
0010001110100101
0010111100001101
0010010000000101
0000100101000101
1110110001110100
1101101111011110
1101111111100000
1111011100010001
0001011011100010
0011000001111010
0011011110001000
0010011111101010
0000011110011010
1110001111110001
1100101110010011
1100011110110110
1101011111111001
1111001010010001
0000100011011001
0000111000001111
1111110100111110
1101101110001100
1011010111101001
1001101100101011
1001010101000111
1010010011001001
1100000010011110
1101101001000101
1110010010000001
1101100101110000
1011110101000101
1001110001011111
1000010110011011
1000001110001000
1001011110001010
1011100100111000
1101101000110100
1110110010111110
1110101000000011
1101010100110011
1011101000000110
1010011101010100
1010100000110111
1011111011101110
1110001111001001
0000100010100101
0001111101011101
0010000001000010
0000110110010001
1111001001100111
1101110110011010
1101101011100010
1110110101110001
0000111001110010
0011000000100101
0100010000101101
0100001000100001
0010101101100100
0000101010000101
1110111001100010
1110001101011010
1110110110100000
0000011101010001
0010001100110001
0011001010111101
0010110011100101
0001001000110011
1110110010011110
1100101011111001
1011101000110101
1011111101111010
1101010111010001
1111000001111001
0000000011001100
1111110100000000
1110010010110011
1100000100011100
1010000011011110
1001000101010011
1001100001110100
1011001000100001
1101001000000110
1110100101001100
1110110101100100
1101110011100101
1100000000101010
1010010110000010
1001101010010001
1010011000010010
1100010010110010
1110101010010010
0000100010110100
0001001111001111
0000100101110110
1111000100101011
1101100011100000
1100111010001000
1101100110100011
1111011111000110
0001110110101000
0011110001001001
0100011111001011
0011110011011110
0010001000110111
0000010110000000
1111010100000011
1111100100011111
0001000001101001
0011000001010010
0100101000000011
0101000100101001
0100000110100011
0010000101101010
1111110111011001
1110010110010010
1110000111001100
1111001000100101
0000110011010100
0010001100110010
0010100001111110
0001011111000010
1111011000100101
1101000010011000
1011010111101110
1011000000011111
1011111110110101
1101101110011101
1111010101011000
1111111110101000
1111010010101010
1101100010010010
1011011110111110
1010000100001100
1001111100001011
1011001100011111
1101010011011111
1111010111101011
0000100010000111
0000010111011100
1111000100011101
1101011000000000
1100001101011101
1100010001001111
1101101100010110
0000000000000000
